      1  PPID
      2     0
     70     2
      2     1
     10     2
     15     1
      1     2
      1   849
      1     2
      3     1
      1   998
      2     1
      1   998
      4     1
      1  1102
      1     1
      1     2
      2     1
      2  1157
      4     1
      1     2
      1     1
      1     2
     11     1
      1     2
      2     1
      1  1328
      6     1
      1  1432
      1  1328
      1  1429
      3     1
      1   910
      1  1104
      1     1
      1  1684
      1     1
      1  1104
      9     1
     10  3072
      1     2
      6     1
      1  5803
     15     1
      1  5949
      1     1
      1  5949
      1     1
      1  6075
      1     1
      1     2
      1  5805
      1     1
      1  6259
      2     2
      3     1
      1  5805
      1     2
      1     1
      5     2
      1  1025
      1     1
      1  1025
      1     1
      1 10603
      5 10705
      1 10856
      5 10705
      1   910
     17 10705
      1 10936
      1 10705
      5 10947
      2 10705
      1 11095
      1 11085
      5 10705
      1 11085
      1 11201
      4 10705
      1     2
      1 10947
      1 10705
      1 11468
      1 10705
      1 10947
      1 10705
      1 11570
      2     2
      1 10947
      2 11577
      1     2
      1     1
